1.04E-17
-0.114829138
-2.12E-17
0.069069834
1.32E-17
-0.01611913
-1.59E-18
2.87E-07
1.07E-18
-0.004724127
-4.18E-18
0.004901033
2.21E-18
-0.000736593
-0.340234484
-0.459316554
0.564137522
0.013643424
-0.230412902
0.059859681
0.011847011
-1.72E-06
0.001036897
0.026521787
-0.02553005
-0.01346887
0.016394725
-0.000985646
-0.510351727
-0.688974831
-0.692350595
1.381396689
-0.345619354
-0.038685911
-0.035687898
6.60E-06
-0.021304021
0.000899834
-0.075686511
0.123989777
-0.036938907
0.001710133
-0.680468969
-0.918633108
-0.923134127
0.791318597
-0.460825805
0.445763582
-0.047583864
-2.68E-06
-0.028405362
0.18287296
-0.100915348
0.033027688
-0.049251876
0.010123086
-1.020703453
-1.377949662
-1.38470119
-1.105117351
-0.691238707
1.324605589
-0.071375795
-6.30E-06
-0.042608043
0.066895799
-0.151373023
0.405747425
-0.073877813
-0.021098504