34202183.02
124988934
243282424.7
357246463.7
445178766.6
500096594.8
526343020.9
533030416.2
528789649.1
519461448.5
508081497.1
495830092.2
482990448.5
469556146.3
455506219.8
440881734.8
425777905.3
410316821.3
394625994.4
378826207.3
363026345.8
347322551.5
331798928.5
316528411.3
301573791.4
286988654.7
272817960.5
259098592
245859991.6
233124658.9
220908628.4
209222075.3
198069880
187452130.4
177364701.5
167799829.5
158746597
150191435
142118629.6
134510743.5
127349004.6
120613702.9
114284517.5
108340789.1
102761791.1
97526959.02
92616057.29
88009338.25
83687680.78
79632676.09
75826697.46
72252966.12
68895580.31
65739523.78
62770678.94
59975820.52
57342588.45
54859466.95
52515759.1
50301543.71
48207636.18
46225554.48
44347473.39
42566178.61
40875030.83
39267924.35
37739242.52
36283823.17
34896924.65
33574187.09
32311601.03
31105480.96
29952434.39
28849334.72
27793300.89
26781674.51
25811997.35
24881995.58
23989563.83
23132747.48
22309730.03
21518822.54
20758450.39
20027142.94
19323526.53
18646315.26
17994302.43
17366355.6
16761410.62
16178464.72
15616572.58
15074842.74
14552432.25
14048543.21
13562420.71
13093348.93
12640648
12203672.62
11781809.61
11374474.95
10981112.71
10601193.58
10234212.43
9879687.112
9537157.724
9206184.708
8886347.54
8577244.348
8278490.622
7989717.845
7710573.19
7440718.784
7179830.422
6927597.158
6683720.959
6447915.629
6219906.239
5999428.995
5786230.454
5580066.838
5380703.946
5187916.668
5001488.259
4821210.187
4646881.883
4478310.093
4315308.612
4157698.192
4005306.025
3857965.381
3715515.571
3577801.606
3444673.796
3315987.687
3191603.878
3071387.629
2955208.753
2842941.535
2734464.418
2629659.815
2528414.093
2430617.34
2336163.152
2244948.604
2156874.117
2071843.228
1989762.538
1910541.647
1834092.948
1760331.539
1689175.189
1620544.185
1554361.211
1490551.329
1429041.869
1369762.304
1312644.217
1257621.244
1204628.945
1153604.762
1104487.988
1057219.664
1011742.516
968000.9399
925940.9234
885509.979
846657.1223
809332.8256
773488.9461
739078.6996
706056.6312
674378.5522
644001.5044
614883.7402
586984.6731
560264.8356
534685.8611
510210.4478
486802.3168
464426.191
443047.7697
422633.6907
403151.5068
384569.666
366857.4804
349985.101
333923.5012
318644.4515
304120.4949
290324.9312
277231.7964
264815.8406
253052.5112
241917.9363
231388.9051
221442.8508
212057.836
203212.5355
194886.2201
187058.743
179710.5243
172822.5367
166376.292
160353.8279
154737.6946
149510.9423
144657.1097
140160.2113
136004.7265
132175.5885
128658.1733
125438.2894
122502.1674
119836.4505
117428.1843
115264.8075
113334.1432
111624.389
110124.1087
108822.2238
107708.005
106771.0635
106001.3437
105389.1151
104924.9647
104599.789
104404.7881
104331.4574
104371.5808
104517.2249
104760.7321
105094.7131
105512.0421
106005.851
106569.5213
107196.6797
107881.1935
108617.1625
109398.9141
110220.9996
111078.1875
111965.4564
112877.9932
113811.1868
114760.621
115722.0717
116691.5031
117665.06
118639.0638
119610.0114
120574.5673
121529.5583
122471.9736
123398.959
124307.8094
125195.9694
126061.0293
126900.7176
127712.8991
128495.5746
129246.8723
129965.0447
130648.4695
131295.6425
131905.1723
132475.7811
133006.3009
133495.6655
133942.9112
134347.175
134707.6872
135023.7685
135294.8324
135520.3772
135699.9818
135833.3083
135920.0975
135960.1617
135953.3869
135899.7316
135799.2188
135651.9359
135458.0361
135217.7314
134931.2892
134599.0357
134221.3504
133798.6607
133331.4446
132820.2284
132265.5793
131668.107
131028.4638
130347.3375
129625.4501
128863.5605
128062.4583
127222.9603
126345.9133
125432.1917
124482.6905
123498.329
122480.0495
121428.8115
120345.5917
119231.3865
118087.2059
116914.0718
115713.021
114485.1016
113231.3686
111952.887
110650.7304
109325.9759
107979.7046
106613.0037
105226.9608
103822.6625
102401.1978
100963.6538
99511.11246
98044.654
96565.35481
95074.28313
93572.5011
92061.06535
90541.02227
89013.40845
87479.25289
85939.57327
84395.37435
82847.65096
81297.3859
79745.54689
78193.08904
76640.95467
75090.06967
73541.34459
71995.67607
70453.94353
68917.00864
67385.71753
65860.8987
64343.36101
62833.89595
61333.27694
59842.25673
58361.56877
56891.92806
55434.02851
53988.54326
52556.12637
51137.41101
49733.00861
48343.51085
46969.4889
45611.49191
44270.04852
42945.66725
41638.83478
40350.0167
39079.65862
37828.18486
36595.99822
35383.48156
34190.99696
33018.88506
31867.46632
30737.04109
29627.88855
28540.26765
27474.41774
26430.55771
25408.88629
24409.58314
23432.80835
22478.7023
21547.38678
20638.965
19753.52127
18891.12183
18051.81536
17235.63259
16442.58689
15672.67499
14925.87676
14202.15553
13501.4588
12823.71841
12168.85051
11536.75633
10927.32246
10340.42089
9775.909564
9233.632836
8713.421593
8215.093639
7738.454268
7283.296469
6849.401238
6436.538136
6044.465622
5672.931329
5321.672566
4990.416732
4678.881604
4386.775778
4113.799103
3859.643005
3623.990879
3406.518512
3206.894436
3024.780292
2859.831236
2711.696298
2580.01875
2464.436486
2364.582387
2280.084689
2210.56735
2155.650417
2114.950389
2088.080575
2074.651455
2074.271037
2086.545201
2111.078043
2147.47223
2195.329321
2254.250082
2323.834839
2403.683784
2493.397241
2592.576019
2700.821716
2817.736938
2942.925624
3075.993381
3216.547667
3364.198055
3518.556617
3679.238098
3845.860095
4018.043468
4195.412554
4377.595249
4564.223386
4754.93304
4949.36452
5147.162655
5347.977194
5551.462771
5757.279024
5965.091065
6174.569507
6385.390385
6597.235618
6809.793184
7022.756877
7235.826662
7448.709037
7661.116736
7872.768857
8083.391405
8292.71707
8500.485087
8706.441839
8910.340851
9111.9424
9311.01402
9507.330789
9700.674793
9890.835367
10077.60965
10260.80209
10440.22428
10615.69571
10787.04343
10954.10155
11116.71191
11274.72414
11427.99487
11576.38813
11719.77581
11858.03687
11991.05725
12118.73069
12240.95808
12357.647
12468.71252
12574.07704
12673.66944
12767.42567
12855.28912
12937.20958
13013.14346
13083.05448
13146.91286
13204.69492
13256.384