3.18536E-05
4.30656E-05
5.74273E-05
7.55906E-05
9.82874E-05
0.000126328
0.000160598
0.000202054
0.000251716
0.000310658
0.000379994
0.000460869
0.000554438
0.000661856
0.000784253
0.00092272
0.001078284
0.001251898
0.00144441
0.001656556
0.001888932
0.002141989
0.002416008
0.002711098
0.00302718
0.003363981
0.003721032
0.004097666
0.004493017
0.004906025
0.005335442
0.005779845
0.006237642
0.006707089
0.007186305
0.007673289
0.008165938
0.008662069
0.009159436
0.009655755
0.010148722
0.010636033
0.011115409
0.011584612
0.012041465
0.012483869
0.012909822
0.013317431
0.013704928
0.014070681
0.014413203
0.014731162
0.015023385
0.015288866
0.015526767
0.01573642
0.015917326
0.016069154
0.016191737
0.016285067
0.016349293
0.016384707
0.016391743
0.016370965
0.01632306
0.016248826
0.016149162
0.01602506
0.015877591
0.015707899
0.015517186
0.015306703
0.01507774
0.014831618
0.014569676
0.014293266
0.014003739
0.013702444
0.013390714
0.013069862
0.012741177
0.012405914
0.01206529
0.011720482
0.011372622
0.011022791
0.01067202
0.010321286
0.009971511
0.009623559
0.009278238
0.008936297
0.008598429
0.008265267
0.007937391
0.007615322
0.00729953
0.00699043
0.006688387
0.006393717
0.00610669
0.005827528
0.005556414
0.005293489
0.005038857
0.004792585
0.004554707
0.004325229
0.004104124
0.003891343
0.003686811
0.003490432
0.00330209
0.003121651
0.002948968
0.002783878
0.002626206
0.002475768
0.002332371
0.002195816
0.002065896
0.001942401
0.001825119
0.001713834
0.00160833
0.00150839
0.001413801
0.001324346
0.001239816
0.001160002
0.001084697
0.001013702
0.000946819
0.000883855
0.000824624
0.000768944
0.000716638
0.000667535
0.00062147
0.000578284
0.000537822
0.000499939
0.00046449
0.000431342
0.000400363
0.000371429
0.000344421
0.000319226
0.000295735
0.000273846
0.000253461
0.000234488
0.000216837
0.000200427
0.000185177
0.000171013
0.000157865
0.000145666
0.000134353
0.000123868
0.000114153
0.000105158
9.68326E-05
8.91308E-05
8.20092E-05
7.54271E-05
6.93466E-05
6.37318E-05
5.85495E-05
5.37683E-05
4.93593E-05
4.52952E-05
4.15506E-05
3.81018E-05
3.49268E-05
3.2005E-05
2.93174E-05
2.68462E-05
2.45749E-05
2.2488E-05
2.05715E-05
1.8812E-05
1.71973E-05
1.5716E-05
1.43577E-05
1.31126E-05
1.19716E-05
1.09265E-05
9.96944E-06