1.5349900619197325
-8.937859977977923e-17
-0.5861840124793438
-2.951728613041242e-16
0.3674102738546327
-4.877862396721601e-16
-0.26815172837805784
-6.877480938517579e-16
0.21125636924729083
-1.1272099833523755e-16
-0.1743244053589683
6.149434610502587e-17
0.14840235950200548
2.2353110222571055e-16
-0.1292001864783379
-4.592355606906769e-16
0.11440238268403177
4.862721556066942e-16
-0.10264842184473472
-3.4453644575890354e-16
0.09308616129614132
-5.362715986786755e-16
-0.08515455335398135
-1.1057452109009966e-15
0.07846907307530414
9.289476142191286e-16
-0.072757330549655
5.571265581578186e-16
0.06782095908505846
8.825258865039987e-16
-0.06351206238342696
-2.478916341808988e-16
0.05971811887056627
8.284706220259252e-16
-0.05635199957980202
1.7732517416005288e-16
0.05334518629302768
5.7333636566616555e-16
-0.050643053432238516
1.0307989765854963e-15
0.048201516266568496
3.543436611171512e-16
-0.045984605001341376
1.058749114111425e-15
0.04396267945199208
1.4603363691207737e-15
-0.042111095251356374
-3.9745720245185983e-16
0.040409193731068285
6.952618459773787e-17
-0.038839527391223844
-3.386946260961553e-16
0.037387259246775245
-4.574391231048186e-16
-0.036039692148831175
3.2327204454924937e-16
0.03478589640740766
3.658396797541201e-16
-0.03361641256728863
-1.6065397919938012e-16
0.032523012216136606
3.3946679724050766e-16
-0.031498504021384474
-6.547889162163038e-17
0.030536575322368354
3.014046431616885e-16
-0.029631661898734136
6.342998393656338e-16
0.028778840236057295
-9.58964406546335e-16
-0.02797373788121839
-9.04786200036565e-16
0.02721245844010015
-3.987743952603433e-16
-0.026491518501184048
-4.587628414057234e-16
0.025807794329642714
-1.0594676787705175e-15
-0.02515847661066273
-8.327005577445375e-16
0.02454103185866722
-6.393327409372649e-16
-0.023953169374433002
-1.1591684240797379e-15
0.023392812841256164
-8.745494276024105e-16
-0.022858075817747243
-4.0906453180109434e-16
0.022347240517420337
-1.4655876657431802e-15
-0.021858739372117433
-8.233445735170816e-16
0.021391138962206523
-1.032982273806513e-15
-0.020943125966593996
-4.858869691425254e-16
0.02051349484233293
4.554950740174733e-16
-0.020101136990511807
1.5764508390909268e-15
0.019705031203275415
7.153778481971434e-16
-0.019324235218682363
1.9419387520451416e-15
0.018957878236382984
5.80557656104716e-16
-0.018605154268860762
1.617824139312755e-15
0.0182653162215186
6.799207627217301e-16
-0.017937670609933645
1.3000289106265628e-15
0.01762157283580592
3.3424482909241504e-16
-0.01731642295374257
-8.506700995455338e-17
0.01702166187049477
3.150714054982232e-16
-0.016736767925883893
2.416455209784457e-16
0.01646125381149081
1.2452845296240397e-15
-0.016194663788771546
5.079251229964758e-16
0.01593657117323234
1.1974419679884952e-15
-0.015686576055385575
-4.4150522057529143e-16
0.015444303232963643
5.262294698230269e-16
-0.015209400331811819
7.351500798774128e-17
0.014981536095745773
-5.752070738287063e-16
-0.014760398827853821
-1.0112905982278285e-15
0.014545694967859584
3.822020387366889e-16
-0.014337147791880916
-1.2684078941447056e-17
0.014134496222457096
1.7944482058244863e-16
-0.013937493738102307
6.54602510042211e-16
0.013745907372813022
1.0246536010680943e-15
-0.013559516796951243
1.548264119876621e-15
0.013378113471956426
1.1485705685805246e-15
-0.013201499871957916
-7.224009182069145e-16
0.013029488766306878
4.695471939165008e-16
-0.012861902557434943
-6.459679625465003e-16
0.01269857266918474
7.150906947431812e-16
-0.012539338981161498
3.7141422622613946e-16
0.012384049305122482
1.4286282001761862e-15
-0.012232558899782276
1.9693894465186175e-16
0.012084730020833077
-4.91824541998838e-16
-0.011940431503167431
-1.3493717057946253e-16
0.011799538372707226
1.614632893245193e-16
-0.01166193148538827
1.2082406139683888e-15
0.011527497191115036
2.5040450326356887e-15
-0.011396127020678687
2.476832729488839e-15
0.011267717393898367
2.4826566264805426e-15
-0.011142169347173313
1.5476637598440283e-15
0.011019388279183773
2.3982269772851447e-15
-0.010899283713079494
1.5171908486454577e-15
0.01078176907418976
2.4588130419779406e-15
-0.010666761481832225
2.5372589745385727e-15
0.010554181554435858
2.913593498029533e-15
-0.010443953226735391
1.882494204368852e-15
0.010336003578457603
1.0138735575567479e-15
-0.010230262673370459
1.4857512069532476e-16
0.010126663408238338
-6.579822896862499e-16
-0.010025141370780056
3.834969698240254e-16
0.00992563470613057
1.1511388921456693e-15
-0.009828083991155716
1.2237284137181674e-15
0.009732432116124533
-1.0944750270902644e-15
-0.009638624173200603
8.280102105707691e-16
0.009546607351347691
2.59744814211681e-16
-0.00945633083717833
1.7644343738434719e-15
0.009367745721392822
6.766479602637917e-17
-0.009280804910400115
3.5239382340281763e-16
0.009195463042857606
-6.246781585013002e-16
-0.009111676410732222
2.1186723931497198e-16
0.009029402884661787
8.882948497313276e-16
-0.00894860184331729
2.3699073324757315e-15
0.008869234106536039
1.522668887651787e-15
-0.008791261871940821
1.402731020734989e-15
0.008714648654949775
-2.2848064254455403e-16
-0.008639359231803265
1.2488748198907554e-15
0.008565359585601489
7.340212916835723e-16
-0.008492616855028045
-1.7449068987788076e-16
0.00842109928571799
-1.976287083639001e-15
-0.008350776184019944
-1.7016501762353358e-15
0.008281617873066069
-2.027176636358157e-15
-0.00821359565104853
-1.0538803813108397e-15
0.00814668175144952
-2.114230472179531e-15
-0.008080849305305267
-2.6390287167500446e-15
0.00801607230517321
-4.280911588925572e-15