0.9650972631827849
0.5790583579096708
0.09007574456372652
0.015009192637018687
0.09610742230712986
0.05457950222472446
0.00033919045905366114
0.025121792197693966
0.03438188339108059
0.005462672417013927
0.005153922182318516
0.020018182046158736
0.009297440066779303
0.00019551362887102592
0.009933806280853384
0.010045688087187045
0.0006395707159871651
0.003676285332767809
0.008425107455028487
0.0025160727582175103
0.0006655133302005732
0.005670005091829679
0.00396578488595295
1.1458183248944388e-05
0.002929556071244798
0.004311576495024958
0.0006647307052699693
0.0009724286863250514
0.003624152190871428
0.0016616646226396163
8.090521816762817e-05
0.002373519906397963
0.002330872977938436
0.00010775665908823053
0.0011187903122700379
0.002387390158966122
0.0006462437705333507
0.0002755857247108893
0.0018970336982032574
0.0012394986647104177
4.67794022786246e-08
0.001142618381356755
0.001554902996051883
0.00019547584096820875
0.0004531218018028399
0.0014729298557365
0.0006102074350733731
6.0208105542308336e-05
0.0010777174245700132
0.0009714411296153477
2.628729943026831e-05
0.0005733224626337699
0.0010979308759447217
0.00025510951435052804
0.00017206088863603092
0.00095298897191638
0.0005637614965088716
3.263402473294701e-06
0.000628855580928373
0.0007756941339249623
7.430504449267461e-05
0.00028158106215534076
0.000793531647486661
0.0002897683931892199
5.1730879101659836e-05
0.0006256197673582126
0.0005104604701127989
5.936003443429206e-06
0.00036333279563342255
0.0006209105026795603
0.00012006937293841618
0.00012683028178024636
0.0005755561716225088
0.0003043236240911781
7.274997798795665e-06
0.0004073660061582119
0.00045289578132092623
3.0744873728396825e-05
0.0002009434174238271
0.0004931615105753722
0.00015614122610921522
4.699088919305821e-05
0.00041307458373859987
0.0003030732399919817
6.380025130153892e-07
0.00025789074700263335
0.00039330678884737485
6.138011686244775e-05
0.00010184661020462525
0.0003856674893480388
0.00018058774437113145
1.0637076219044238e-05
0.0002897782803336529
0.0002896707251512876
1.2561935199360473e-05
0.00015519471431438346
0.0003337232733645885
9.015972278220806e-05
4.3833179829612415e-05
