3.13079E-06
6.81954E-06
1.36589E-05
2.54961E-05
4.48199E-05
7.48183E-05
0.000119394
0.000183136
0.000271233
0.000389348
0.000543441
0.000739563
0.000983623
0.001281151
0.001637055
0.002055398
0.0025392
0.003090277
0.003709113
0.00439479
0.005144957
0.005955847
0.006822342
0.007738077
0.008695579
0.009686428
0.010701452
0.011730922
0.012764766
0.01379277
0.014804786
0.01579092
0.016741705
0.017648261
0.018502422
0.019296852
0.020025129
0.020681807
0.021262449
0.021763653
0.022183038
0.022519223
0.022771791
0.022941231
0.023028874
0.02303682
0.022967858
0.022825377
0.022613286
0.02233592
0.021997957
0.021604336
0.021160173
0.020670691
0.020141151
0.019576784
0.018982743
0.018364047
0.01772554
0.017071859
0.016407399
0.015736292
0.01506239
0.014389252
0.013720137
0.013058001
0.012405499
0.011764987
0.011138532
0.010527922
0.009934676
0.009360059
0.008805096
0.00827059
0.007757137
0.007265141
0.006794833
0.006346288
0.005919439
0.005514095
0.005129955
0.004766621
0.004423617
0.004100393
0.003796345
0.003510823
0.00324314
0.00299258
0.002758413
0.002539893
0.002336273
0.002146805
0.001970748
0.001807372
0.00165596
0.001515816
0.00138626
0.001266636
0.001156314
0.001054685
0.000961171
0.000875216
0.000796294
0.000723905
0.000657576
0.00059686
0.000541336
0.000490608
0.000444306
0.000402082
0.00036361
0.000328589
0.000296735
0.000267788
0.000241503
0.000217655
0.000196035
0.00017645
0.000158722
0.000142688
0.000128195
0.000115105
0.000103291
9.26359E-05
8.30324E-05
7.43826E-05
6.65969E-05
5.95935E-05
5.32979E-05
4.76421E-05
4.25642E-05
3.80079E-05
3.3922E-05
3.02603E-05
2.69804E-05
2.40443E-05
2.14175E-05
1.90685E-05
1.69693E-05
1.50942E-05
1.34201E-05
1.19264E-05
1.05942E-05
9.40674E-06
8.34875E-06
7.4066E-06
6.568E-06
5.82193E-06
5.15849E-06
4.56881E-06
4.04491E-06
3.57968E-06
3.16672E-06
2.80032E-06
2.47537E-06
2.1873E-06
1.93204E-06
1.70595E-06
1.50577E-06
1.3286E-06
1.17186E-06
1.03325E-06
9.1072E-07
8.02447E-07
7.06807E-07
6.22358E-07
5.47819E-07
4.82049E-07
4.24039E-07
3.7289E-07
3.27808E-07
2.88087E-07
2.531E-07
2.22294E-07
1.95179E-07
1.71321E-07
1.50334E-07
1.3188E-07
1.15657E-07
1.01401E-07
8.88773E-08