0.0636305
0.0636305
0.0636305
0.0636305
0.0636305
0.0636305
0.0627447
0.0606574
0.0566407
0.0505368
0.0434681
0.0373642
0.0331182
0.0304906
0.028565
0.0269849
0.025155
0.0235749
0.0225351
0.0219948
0.0217654
0.0217654
0.0217654
0.0217654
0.0217654
0.0217654
0.0216257
0.0212964
0.0206627
0.0196997
0.0185844
0.0176214
0.0169877
0.0166584
0.0165186
0.0165186
0.0165185
0.0165184
0.0165182
0.0165176
0.0165166
0.0169787
0.0180688
0.0201668
0.0233529
0.027035
0.0301955
0.0330273
0.0358815
0.0397703
0.044975
0.0509255
0.0558605
0.0587327
0.0596344
0.0591677
0.0575742
0.0556188
0.053299
0.0506428
0.0477143
0.0446157
0.0414845
0.0384852
0.0357962
0.0335926
0.0320276
0.0312148
0.0312148
0.0320276
0.0335926
0.0357962
0.0384852
0.0414845
0.0446157
0.0477143
0.0506428
0.053299
0.0556188
0.0575742
0.0591677
0.060425
0.0613862
0.0620989
0.0626117
0.06297
0.0632132
0.0633735
0.0634763
0.0635403
0.0635791
0.0636019
0.063615
0.0636223
0.0636263
0.0636284
0.0636294
0.06363
0.0636302
0.0636304
0.0636304