0.0636305
0.0636305
0.0636305
0.0636305
0.0636305
0.0636305
0.0627447
0.0606574
0.0566407
0.0505368
0.0434681
0.0373642
0.0331182
0.0304906
0.028565
0.0269849
0.025155
0.0235749
0.0225351
0.0219948
0.0217654
0.0217654
0.0217654
0.0217654
0.0217654
0.0217654
0.0218313
0.0219864
0.0222849
0.0227386
0.0232639
0.0237175
0.0240161
0.0241712
0.024237
0.024237
0.024237
0.024237
0.024237
0.024237
0.024237
0.0243557
0.0246352
0.0251732
0.0259908
0.0269376
0.0277552
0.0292238
0.0316963
0.0360349
0.0424477
0.0498741
0.056287
0.0605069
0.0626998
0.0636305
0.0636305
0.0636305
0.0636305
0.0636305
0.0636305
0.0636305
0.0636305
0.0636305
0.0636305
0.0636305
0.0636305
0.0636305
0.0636305
0.0636305
0.0636305
0.0636305
0.0636305
0.0636305
0.0636305
0.0636305
0.0636305
0.0636305
0.0636305
0.0636305
0.0636305
0.0636305
0.0636305
0.0636305
0.0636305
0.0636305
0.0636305
0.0636305
0.0636305
0.0636305
0.0636305
0.0636305
0.0636305
0.0636305
0.0636305
0.0636305
0.0636305
0.0636305
0.0636305
0.0636305
0.0636305