0.005
0.005235643
0.005482391
0.005740768
0.006011322
0.006294627
0.006591284
0.006901921
0.007227199
0.007567806
0.007924466
0.008297935
0.008689004
0.009098504
0.009527304
0.009976312
0.010446481
0.010938808
0.011454338
0.011994165
0.012559432
0.01315134
0.013771144
0.014420158
0.015099759
0.015811388
0.016556556
0.017336843
0.018153903
0.01900947
0.019905359
0.020843469
0.021825792
0.022854409
0.023931505
0.025059362
0.026240373
0.027477044
0.028771997
0.030127979
0.031547867
0.033034672
0.034591549
0.036221798
0.037928879
0.039716412
0.041588189
0.043548179
0.045600542
0.047749629
0.05
0.052356427
0.05482391
0.057407681
0.060113222
0.062946271
0.065912837
0.069019213
0.072271989
0.075678062
0.07924466
0.082979345
0.086890041
0.090985043
0.095273036
0.099763116
0.104464807
0.109388081
0.114543383
0.119941646
0.125594322
0.1315134
0.137711435
0.144201575
0.150997586
0.158113883
0.165565561
0.173368425
0.181539027
0.190094698
0.199053585
0.208434692
0.218257916
0.228544095
0.239315046
0.250593617
0.26240373
0.274770437
0.287719969
0.301279793
0.315478672
0.330346724
0.345915485
0.36221798
0.379288788
0.397164117
0.415881886
0.435481795
0.45600542
0.477496293
0.5