3.1853580914270900E-05
4.3065606533791900E-05
5.7427261725811700E-05
7.5590618882725300E-05
9.8287350978158400E-05
1.2632777953140600E-04
1.6059788951705800E-04
2.0205419555361900E-04
2.5171640479502700E-04
3.1065788699002000E-04
3.7999402865923100E-04
4.6086861376431400E-04
5.5443843521758900E-04
6.6185639792758200E-04
7.8425342291162700E-04
9.2271950180105500E-04
1.0782842806810300E-03
1.2518975709227200E-03
1.4444101921710900E-03
1.6565555490361700E-03
1.8889323287537200E-03
2.1419886829140900E-03
2.4160082233560800E-03
2.7110981217582300E-03
3.0271795557571700E-03
3.3639806931080500E-03
3.7210323510409700E-03
4.0976664121128400E-03
4.4930170220014800E-03
4.9060245402316000E-03
5.3354421630214900E-03
5.7798450893964000E-03
6.2376420583541100E-03
6.7070890469257400E-03
7.1863048869953300E-03
7.6732885330796800E-03
8.1659376940975400E-03
8.6620685294770800E-03
9.1594361036118200E-03
9.6557552923881400E-03
1.0148721840870300E-02
1.0636033281741900E-02
1.1115409439192300E-02
1.1584612261983300E-02
1.2041464751767700E-02
1.2483868777700000E-02
1.2909821595295800E-02
1.3317430915727200E-02
1.3704928400650100E-02
1.4070681486681400E-02
1.4413203472243100E-02
1.4731161827196500E-02
1.5023384712093000E-02
1.5288865718616300E-02
1.5526766865603400E-02
1.5736419905681700E-02
1.5917326015890200E-02
1.6069153961556600E-02
1.6191736836130100E-02
1.6285067490622300E-02
1.6349292774823600E-02
1.6384706718624300E-02
1.6391742785689600E-02
1.6370965333552900E-02
1.6323060414069600E-02
1.6248826046282600E-02
1.6149162090285300E-02
1.6025059845823000E-02
1.5877591493341600E-02
1.5707899488171800E-02
1.5517186010723600E-02
1.5306702567132900E-02
1.5077739825937600E-02
1.4831617767213600E-02
1.4569676211334000E-02
1.4293265785255000E-02
1.4003739375108900E-02
1.3702444104994800E-02
1.3390713873307700E-02
1.3069862469799500E-02
1.2741177288895300E-02
1.2405913647640700E-02
1.2065289710069000E-02
1.1720482013775400E-02
1.1372621589086600E-02
1.1022790656421600E-02
1.0672019883249600E-02
1.0321286178450400E-02
9.9715109988617100E-03
9.6235591403204600E-03
9.2782379835567600E-03
8.9362971638377700E-03
8.5984286322567800E-03
8.2652670759808400E-03
7.9373906645718900E-03
7.6153220896436700E-03
7.2995298655712200E-03
6.9904298596950400E-03
6.6883870214199000E-03
6.3937172807657800E-03
6.1066895882499400E-03
5.8275280694345000E-03
5.5564142690325400E-03
5.2934894611008300E-03
5.0388570035332600E-03
4.7925847167833100E-03
4.5547072684653800E-03
4.3252285471961000E-03
4.1041240107209400E-03
3.8913429950149900E-03
3.6868109726379900E-03
3.4904317501526300E-03
3.3020895958731000E-03
3.1216512905929900E-03
2.9489680952410700E-03
2.7838776306289800E-03
2.6262056655824900E-03
2.4757678107884600E-03
2.3323711166413200E-03
2.1958155742388600E-03
2.0658955194568600E-03
1.9424009407300600E-03
1.8251186917848100E-03
1.7138336111103400E-03
1.6083295504249800E-03
1.5083903147941100E-03
1.4138005173935400E-03
1.3243463521883100E-03
1.2398162880183800E-03
1.1600016877528800E-03
1.0846973562979400E-03
1.0137020213247400E-03
9.4681875062700300E-04
8.8385531002641900E-04
8.2462446572307500E-04
7.6894423493984900E-04
7.1663808863887500E-04
6.6753510999722200E-04
6.2147011222117900E-04
5.7828371915700200E-04
5.3782241202289200E-04
4.9993854544511000E-04
4.6449033583236700E-04
4.3134182496917800E-04
4.0036282155234400E-04
3.7142882323678500E-04
3.4442092159899700E-04
3.1922569226964800E-04
2.9573507233233200E-04
2.7384622693423100E-04
2.5346140690708600E-04
2.3448779905419200E-04
2.1683737062156800E-04
2.0042670933944500E-04
1.8517686029414300E-04
1.7101316077037900E-04
1.5786507409040300E-04
1.4566602336897200E-04
1.3435322600223900E-04
1.2386752961401400E-04
1.1415325009455600E-04
1.0515801228482200E-04
9.6832593782985900E-05
8.9130772279621500E-05
8.2009176763249200E-05
7.5427142878560800E-05
6.9346572665454800E-05
6.3731798857722000E-05
5.8549453875584000E-05
5.3768343606053100E-05
4.9359326028981300E-05
4.5295194714444000E-05
4.1550567188527200E-05
3.8101778139355100E-05
3.4926777413138900E-05
3.2005032730837500E-05
2.9317437039518800E-05
2.6846220398470800E-05
2.4574866288294600E-05
2.2488032221471600E-05
2.0571474524992000E-05
1.8811977159430900E-05
1.7197284434154200E-05
1.5716037475011900E-05
1.4357714298743200E-05
1.3112573347285100E-05
1.1971600335071300E-05
1.0926458263157700E-05
9.9694404554686600E-06